Using OpenSHMEM version 1.3
Created all test list.
Will be running with 128 different tests
Will be running with 22 different size configurations
Using OpenSHMEM version 1.3
Running tests

#---------------------------------------------------
# Benchmarking shmem_local_read 
# #processes = 2
#---------------------------------------------------
       #bytes  #repetitions     t_min[nsec]     t_max[nsec]       t_avg[nsec]      Bw_aggregated[MB/sec]
            8          1000               5               0              11.57                   4457.74
           16          1000               5             283              16.71                   6173.01
           32          1000              13             234              29.78                   6927.52
           64          1000              44             374              63.76                   6471.03
          128          1000             143             390             157.98                   5223.69
          256          1000             307             629             332.65                   4961.60
          512          1000             577             738             595.49                   5543.30
         1024          1000            1102            1264            1119.65                   5896.38
         2048          1000            2153           23242            2193.76                   6018.80
         4096          1000            4254            4418            4266.40                   6189.68
         8192          1000            8442           29555            8492.12                   6219.33
        16384          1000           16833           39830           16886.11                   6255.47
        32768           500           33614           57254           33735.66                   6262.25
        65536           500           67175           93628           67278.26                   6280.22
       131072           500          134312          158817          134519.33                   6281.96
       262144           500          268735          306946          269210.01                   6277.96
       524288           500          537876          570447          538642.88                   6275.36
      1048576           250         1075693         1123716         1077211.70                   6275.80
      2097152           250         2151295         2236026         2154082.18                   6276.79
      4194304           250         4302439         4520080         4308763.61                   6275.92
      8388608           100         8604794         8637451         8614743.98                   6277.94
     16777216           100        17210232        17780451        17245984.30                   6271.94

#---------------------------------------------------
# Benchmarking shmem_local_write 
# #processes = 2
#---------------------------------------------------
       #bytes  #repetitions     t_min[nsec]     t_max[nsec]       t_avg[nsec]      Bw_aggregated[MB/sec]
            8          1000               5             367              13.57                   3800.18
           16          1000               5             229              17.97                   5740.69
           32          1000              13             286              27.45                   7516.13
           64          1000              44             359              60.56                   6813.02
          128          1000             151             382             185.91                   4438.91
          256          1000             299             473             318.37                   5184.18
          512          1000             569             738             582.45                   5667.32
         1024          1000            1095            2145            1115.63                   5917.67
         2048          1000            2145            2314            2155.86                   6124.64
         4096          1000            4246           20122            4275.74                   6176.16
         8192          1000            8435            8835            8450.78                   6249.76
        16384          1000           16822           23684           16851.28                   6268.40
        32768           500           33598           56505           33717.69                   6265.59
        65536           500           67160           90212           67286.81                   6279.43
       131072           500          134296          236042          134670.01                   6274.93
       262144           500          268598          364878          269678.58                   6267.05
       524288           500          537112          572564          537890.14                   6284.15
      1048576           250         1074125         1103280         1075518.30                   6285.68
      2097152           250         2148151         2363336         2152144.04                   6282.44
      4194304           250         4296204         4712157         4302954.99                   6284.39
      8388608           100         8592308         8629354         8601648.68                   6287.50
     16777216           100        17184505        17396418        17208545.41                   6285.58

#---------------------------------------------------
# Benchmarking shmalloc 
# #processes = 2
#---------------------------------------------------
       #bytes  #repetitions     t_min[nsec]     t_max[nsec]       t_avg[nsec]      Bw_aggregated[MB/sec]
            8          1000          396771          521891          400138.48                       N/A
           16          1000          396505          566984          400089.49                       N/A
           32          1000          396560          539265          399524.51                       N/A
           64          1000          396492          654495          400160.06                       N/A
          128          1000          396576          560996          399835.42                       N/A
          256          1000          396498          559329          399956.66                       N/A
          512          1000          396490          560843          399375.84                       N/A
         1024          1000          396399          531844          399450.88                       N/A
         2048          1000          396404          459362          399332.92                       N/A
         4096          1000          396690          426921          399167.24                       N/A
         8192          1000          396498          435746          399205.88                       N/A
        16384          1000          396505          450959          399243.05                       N/A
        32768           500          396830          566370          400230.11                       N/A
        65536           500          396674          425556          399153.23                       N/A
       131072           500          396427          444105          399360.68                       N/A
       262144           500          396635          488478          399741.99                       N/A
       524288           500          396297          438775          399230.94                       N/A
      1048576           250          396196          442321          399429.54                       N/A
      2097152           250          771545          972010          776084.33                       N/A
      4194304           250         1146282         1235132         1151789.10                       N/A
      8388608           100         1896238         1969386         1906373.17                       N/A
     16777216           100         3405612         3656282         3423425.25                       N/A

#---------------------------------------------------
# Benchmarking shfree 
# #processes = 2
#---------------------------------------------------
       #bytes  #repetitions     t_min[nsec]     t_max[nsec]       t_avg[nsec]      Bw_aggregated[MB/sec]
            8          1000            7738           10249            8108.64                       N/A
           16          1000            7863           11355            8126.23                       N/A
           32          1000            7831           82160            8127.69                       N/A
           64          1000            7876           80685            8147.59                       N/A
          128          1000            7847           26242            8141.64                       N/A
          256          1000            7769           82459            8122.68                       N/A
          512          1000            7855            8965            8101.57                       N/A
         1024          1000            7878            9714            8126.19                       N/A
         2048          1000            7831           10101            8085.95                       N/A
         4096          1000            7855           10580            8109.35                       N/A
         8192          1000            7868           10496            8130.17                       N/A
        16384          1000            7844           24695            8100.93                       N/A
        32768           500            7891            8929            8096.64                       N/A
        65536           500            7847            8890            8116.05                       N/A
       131072           500            7844            8757            8072.56                       N/A
       262144           500            7876           19472            8123.12                       N/A
       524288           500            7883           30174            8162.25                       N/A
      1048576           250            7777           19945            8136.49                       N/A
      2097152           250            7876            8996            8110.91                       N/A
      4194304           250            7899            9961            8138.75                       N/A
      8388608           100            7930            9082            8160.06                       N/A
     16777216           100            8039            9469            8382.60                       N/A

#---------------------------------------------------
# Benchmarking shmem_short_p 
# #processes = 2
#---------------------------------------------------
       #bytes  #repetitions     t_min[nsec]     t_max[nsec]       t_avg[nsec]      Bw_aggregated[MB/sec]
            8          1000           10572           84481           10846.73                      4.76
           16          1000           16412           38905           16603.63                      6.21
           32          1000           28042          102490           28463.17                      7.25
           64          1000           51429           79180           51772.52                      7.97
          128          1000           98121          121600           98618.97                      8.37
          256          1000          191529          215743          192319.84                      8.58
          512          1000          378320          537671          380515.28                      8.67
         1024          1000          752600          945593          754847.61                      8.75
         2048          1000         1500981         1711415         1504782.67                      8.77
         4096          1000         2997677         3134022         3004897.87                      8.79
         8192          1000         5991246         6356153         6007453.81                      8.79
        16384          1000        11979798        12525137        12011589.77                      8.79
        32768           500        23979931        24577495        24028545.06                      8.79
        65536           500        48013021        48571349        48064941.08                      8.79
       131072           500        96060514        96670248        96149993.99                      8.79
       262144           500       192197776       192781809       192307138.41                      8.79
       524288           500       384446854       408998699       384676970.12                      8.79
      1048576           250       768946572       769893762       769262984.14                      8.79
      2097152           250      1537952951      1539392100      1538549322.60                      8.79
      4194304           250      3076342667      3100557335      3077199369.31                      8.79
      8388608           100      6153492544      6155107571      6154270410.85                      8.79
     16777216           100     12307661357     12334758257     12309074259.00                      8.79

#---------------------------------------------------
# Benchmarking shmem_int_p 
# #processes = 2
#---------------------------------------------------
       #bytes  #repetitions     t_min[nsec]     t_max[nsec]       t_avg[nsec]      Bw_aggregated[MB/sec]
            8          1000            7283           11955            7423.67                      6.95
           16          1000            9329           11414            9509.24                     10.85
           32          1000           13494           33790           13658.58                     15.10
           64          1000           21737           46715           21961.17                     18.79
          128          1000           38169          114013           38578.90                     21.39
          256          1000           71044           95397           71594.42                     23.05
          512          1000          136608          168529          137756.02                     23.96
         1024          1000          268026          351529          270238.05                     24.43
         2048          1000          531184          694866          534922.53                     24.68
         4096          1000         1057823         1343960         1064487.75                     24.81
         8192          1000         2115044         2334873         2124237.77                     24.86
        16384          1000         4227975         4758353         4243950.83                     24.89
        32768           500         8453233         8689642         8481748.28                     24.91
        65536           500        16913679        17484766        16967738.81                     24.90
       131072           500        33881616        34430317        33943747.79                     24.90
       262144           500        67820702        68402054        67905543.47                     24.89
       524288           500       135705664       136369922       135821163.27                     24.89
      1048576           250       271491556       272168383       271652978.23                     24.89
      2097152           250       543050142       544026358       543328826.35                     24.88
      4194304           250      1086168860      1087274862      1086652972.84                     24.89
      8388608           100      2172875246      2174482993      2173444721.16                     24.88
     16777216           100      4345728243      4372212127      4347000275.96                     24.88

#---------------------------------------------------
# Benchmarking shmem_long_p 
# #processes = 2
#---------------------------------------------------
       #bytes  #repetitions     t_min[nsec]     t_max[nsec]       t_avg[nsec]      Bw_aggregated[MB/sec]
            8          1000            6232            9945            6375.53                      8.09
           16          1000            7283           29347            7450.68                     13.85
           32          1000            9337           81182            9563.40                     21.57
           64          1000           13424           35943           13650.57                     30.23
          128          1000           21708           47186           21959.30                     37.58
          256          1000           38125           64152           38565.36                     42.80
          512          1000           71120           96008           71725.11                     46.02
         1024          1000          136839          161181          138012.73                     47.84
         2048          1000          268642          292560          270585.50                     48.80
         4096          1000          532575          718797          536045.98                     49.26
         8192          1000         1058270         1145024         1065552.22                     49.57
        16384          1000         2115076         2493609         2126334.90                     49.68
        32768           500         4229943         4610955         4246737.94                     49.75
        65536           500         8462552         8838483         8485567.21                     49.79
       131072           500        16923229        17489555        16962493.23                     49.82
       262144           500        33845382        34396131        33915334.47                     49.83
       524288           500        67719824        68282981        67808349.19                     49.85
      1048576           250       135503933       136136030       135645724.66                     49.84
      2097152           250       270997392       271735089       271233561.57                     49.85
      4194304           250       542021874       543201926       542361440.03                     49.86
      8388608           100      1083756480      1086093235      1084726350.57                     49.86
     16777216           100      2169586821      2196816982      2170589560.70                     49.83

#---------------------------------------------------
# Benchmarking shmem_longlong_p 
# #processes = 2
#---------------------------------------------------
       #bytes  #repetitions     t_min[nsec]     t_max[nsec]       t_avg[nsec]      Bw_aggregated[MB/sec]
            8          1000            6248            9940            6370.13                      8.10
           16          1000            7283            9818            7412.10                     13.92
           32          1000            9308           12241            9484.47                     21.75
           64          1000           13424           21396           13614.67                     30.31
          128          1000           21669          128248           22463.21                     36.74
          256          1000           38039           62142           38378.36                     43.01
          512          1000           70873           87323           71360.83                     46.26
         1024          1000          136452          220340          137660.42                     47.96
         2048          1000          267737          292014          269239.76                     49.04
         4096          1000          530287          575232          533015.31                     49.54
         8192          1000         1056068         1259723         1060741.89                     49.79
        16384          1000         2108097         2292663         2115625.26                     49.93
        32768           500         4214177         4490041         4227898.95                     49.97
        65536           500         8427173         8952766         8450576.05                     50.00
       131072           500        16857546        17253238        16895525.74                     50.02
       262144           500        33742419        34323750        33792218.99                     50.01
       524288           500        67509161        68063821        67571615.57                     50.02
      1048576           250       135043668       135638601       135161361.73                     50.02
      2097152           250       270158797       271059497       270310928.69                     50.02
      4194304           250       540284955       541366797       540552906.00                     50.03
      8388608           100      1080524240      1081598152      1081025036.04                     50.03
     16777216           100      2161290331      2163608630      2162384500.81                     50.02

#---------------------------------------------------
# Benchmarking shmem_float_p 
# #processes = 2
#---------------------------------------------------
       #bytes  #repetitions     t_min[nsec]     t_max[nsec]       t_avg[nsec]      Bw_aggregated[MB/sec]
            8          1000            7259           32917            7463.51                      6.91
           16          1000            9345           30091            9519.72                     10.84
           32          1000           13479           29563           13650.94                     15.11
           64          1000           21682           93574           22001.75                     18.75
          128          1000           38161           60368           38485.50                     21.44
          256          1000           71166           94323           71608.24                     23.05
          512          1000          136875          162333          137799.68                     23.95
         1024          1000          268689          351498          270360.13                     24.42
         2048          1000          531732          559831          534902.05                     24.68
         4096          1000         1060014         1188029         1065026.56                     24.80
         8192          1000         2117083         2337631         2125028.40                     24.85
        16384          1000         4231776         4611660         4245327.44                     24.88
        32768           500         8458834         8850916         8485225.76                     24.90
        65536           500        16915559        17312272        16964840.47                     24.91
       131072           500        33883532        34496585        33933222.92                     24.90
       262144           500        67789111        68380146        67865410.09                     24.90
       524288           500       135644438       136324928       135738449.10                     24.90
      1048576           250       271322512       272233884       271463359.38                     24.90
      2097152           250       542684549       543629086       542932290.08                     24.90
      4194304           250      1085439060      1112206502      1086007337.41                     24.90
      8388608           100      2171145412      2172890875      2171818793.60                     24.90
     16777216           100      4342294963      4344758797      4343320282.31                     24.90

#---------------------------------------------------
# Benchmarking shmem_double_p 
# #processes = 2
#---------------------------------------------------
       #bytes  #repetitions     t_min[nsec]     t_max[nsec]       t_avg[nsec]      Bw_aggregated[MB/sec]
            8          1000            6240           25847            6388.65                      8.07
           16          1000            7252           32584            7440.43                     13.86
           32          1000            9337           11336            9483.28                     21.76
           64          1000           13424           37282           13654.63                     30.22
          128          1000           21682           36354           21909.70                     37.67
          256          1000           38148           55236           38452.62                     42.92
          512          1000           70912           94245           71603.13                     46.10
         1024          1000          136397          214319          137848.95                     47.89
         2048          1000          267467          293966          270026.37                     48.90
         4096          1000          530196          638751          535260.97                     49.34
         8192          1000         1055147         1307258         1064223.05                     49.63
        16384          1000         2105921         2418980         2120987.47                     49.80
        32768           500         4213004         4444002         4235674.29                     49.88
        65536           500         8427724         9000735         8472076.41                     49.87
       131072           500        16879956        17384432        16945614.97                     49.87
       262144           500        33813975        34440675        33898457.77                     49.86
       524288           500        67697682        68370798        67798182.14                     49.86
      1048576           250       135343045       157840188       135728116.01                     49.81
      2097152           250       271017732       271632469       271231339.17                     49.85
      4194304           250       541984249       543280763       542420824.41                     49.85
      8388608           100      1084096444      1085637401      1084766108.41                     49.86
     16777216           100      2165147650      2171608760      2169936540.11                     49.85

#---------------------------------------------------
# Benchmarking shmem_longdouble_p 
# #processes = 2
#---------------------------------------------------
       #bytes  #repetitions     t_min[nsec]     t_max[nsec]       t_avg[nsec]      Bw_aggregated[MB/sec]
            8          1000            6167           10470            6343.64                     16.26
           16          1000            6154           79437            6657.18                     15.50
           32          1000            7623           26713            7851.51                     26.28
           64          1000           10598           12642           10751.08                     38.38
          128          1000           16391           31427           16607.57                     49.69
          256          1000           28042           48887           28292.93                     58.34
          512          1000           51302           74521           51682.31                     63.87
         1024          1000           97830          120659           98399.40                     67.09
         2048          1000          190874          215242          191907.53                     68.80
         4096          1000          377197          404238          378781.96                     69.72
         8192          1000          749865          948536          752922.02                     70.15
        16384          1000         1496870         1526199         1500267.88                     70.41
        32768           500         2990698         3178223         2997268.60                     70.48
        65536           500         5976906         6324991         5988580.65                     70.55
       131072           500        11951933        12468125        11972845.02                     70.58
       262144           500        23909971        24424738        23938542.79                     70.60
       524288           500        47835548        48358047        47868847.99                     70.61
      1048576           250        95671702        96243249        95731035.66                     70.62
      2097152           250       191364482       192025716       191449323.79                     70.62
      4194304           250       382738949       383595045       382885947.79                     70.63
      8388608           100       765471541       766527359       765766239.01                     70.63
     16777216           100      1531000512      1532248121      1531544297.30                     70.63

#---------------------------------------------------
# Benchmarking shmem_short_put 
# #processes = 2
#---------------------------------------------------
       #bytes  #repetitions     t_min[nsec]     t_max[nsec]       t_avg[nsec]      Bw_aggregated[MB/sec]
            8          1000            6253           31713            6440.26                      8.01
           16          1000            6201            8965            6338.68                     16.27
           32          1000            6240           26643            6429.42                     32.09
           64          1000            6279           81567            6572.89                     62.78
          128          1000            6347           24248            6554.04                    125.91
          256          1000            6425           27322            6654.67                    248.02
          512          1000            6867           80168            7218.71                    457.28
         1024          1000            7652           32584            7865.38                    839.36
         2048          1000            9134           28265            9511.98                   1388.13
         4096          1000           13130          160697           13678.37                   1930.61
         8192          1000           16243           67149           16738.54                   3155.31
        16384          1000           21830           88519           22301.23                   4736.54
        32768           500           32925           84510           33764.27                   6256.95
        65536           500           55277           99453           55844.20                   7566.09
       131072           500           99923          149748          100822.19                   8381.54
       262144           500          189366         2270466          194437.63                   8692.20
       524288           500          368289         1802438          372481.96                   9074.75
      1048576           250          726433         2181666          734769.89                   9200.65
      2097152           250         1443985         2989357         1454596.21                   9295.17
      4194304           250         2879161         4569577         2901658.87                   9319.30
      8388608           100         5778953         8115266         5840399.91                   9260.13
     16777216           100        11689760        14870493        11829533.45                   9143.70

#---------------------------------------------------
# Benchmarking shmem_int_put 
# #processes = 2
#---------------------------------------------------
       #bytes  #repetitions     t_min[nsec]     t_max[nsec]       t_avg[nsec]      Bw_aggregated[MB/sec]
            8          1000            6245           21604            6391.36                      8.07
           16          1000            6162           29355            6389.46                     16.14
           32          1000            6269           79734            6502.81                     31.73
           64          1000            6292           27431            6498.46                     63.49
          128          1000            6362            8825            6528.72                    126.40
          256          1000            6409           30421            6661.21                    247.77
          512          1000            6849            9584            7056.72                    467.78
         1024          1000            7616           31232            7855.68                    840.40
         2048          1000            9105           38980            9544.55                   1383.39
         4096          1000           13123           70030           13513.52                   1954.17
         8192          1000           15920           80641           16548.98                   3191.46
        16384          1000           21568           97159           22328.93                   4730.66
        32768           500           32984           86920           34095.67                   6196.13
        65536           500           55732          113535           57777.89                   7312.88
       131072           500          101507          154923          104161.06                   8112.87
       262144           500          193547          324691          198912.75                   8496.64
       524288           500          376550          625686          383986.79                   8802.85
      1048576           250          748121          867492          761162.58                   8881.62
      2097152           250         1490991         1644172         1506827.36                   8972.97
      4194304           250         2978275         3309319         3017585.05                   8961.28
      8388608           100         5996137         8396372         6083219.75                   8890.50
     16777216           100        11902641        13227306        12038196.96                   8985.21

#---------------------------------------------------
# Benchmarking shmem_long_put 
# #processes = 2
#---------------------------------------------------
       #bytes  #repetitions     t_min[nsec]     t_max[nsec]       t_avg[nsec]      Bw_aggregated[MB/sec]
            8          1000            6217           80706            6455.44                      7.99
           16          1000            6193           79981            6527.59                     15.80
           32          1000            6225            8091            6398.82                     32.24
           64          1000            6271           77721            6541.23                     63.08
          128          1000            6362           22756            6540.75                    126.17
          256          1000            6495           79778            6759.64                    244.17
          512          1000            6888            9685            7055.55                    467.85
         1024          1000            7644           80134            7935.68                    831.93
         2048          1000            9121           12946            9478.77                   1392.99
         4096          1000           13099           60956           13485.63                   1958.21
         8192          1000           15996           65927           16545.24                   3192.18
        16384          1000           21622           71832           22215.16                   4754.89
        32768           500           32979           86751           34259.64                   6166.48
        65536           500           55699          118384           57418.47                   7358.65
       131072           500          101197          157120          104552.52                   8082.49
       262144           500          193159          257563          198243.12                   8525.34
       524288           500          377572          489372          384469.23                   8791.81
      1048576           250          747871          866335          760945.54                   8884.16
      2097152           250         1489385         1708638         1506520.87                   8974.80
      4194304           250         2979019         3288776         3014164.67                   8971.45
      8388608           100         6005076         6339554         6079904.37                   8895.35
     16777216           100        11914739        12430601        12045118.19                   8980.05

#---------------------------------------------------
# Benchmarking shmem_longlong_put 
# #processes = 2
#---------------------------------------------------
       #bytes  #repetitions     t_min[nsec]     t_max[nsec]       t_avg[nsec]      Bw_aggregated[MB/sec]
            8          1000            6248           81242            6454.80                      7.99
           16          1000            6186           22626            6352.90                     16.24
           32          1000            6264           23978            6421.72                     32.13
           64          1000            6292           10512            6469.80                     63.78
          128          1000            6362           24025            6542.65                    126.13
          256          1000            6508           10226            6654.76                    248.01
          512          1000            6895           10790            7057.22                    467.74
         1024          1000            7647           10463            7854.67                    840.51
         2048          1000            9173           13354            9496.66                   1390.37
         4096          1000           13169           60816           13509.94                   1954.68
         8192          1000           16019           69554           16497.55                   3201.40
        16384          1000           21744           79102           22534.67                   4687.47
        32768           500           33333           85987           34398.61                   6141.56
        65536           500           56317          126993           57988.07                   7286.37
       131072           500          102557          155783          105259.82                   8028.18
       262144           500          195177          259843          199304.52                   8479.94
       524288           500          383125          491772          389508.63                   8678.06
      1048576           250          755044          880500          766676.48                   8817.75
      2097152           250         1508118         1639929         1528006.69                   8848.60
      4194304           250         3013553         3244658         3051551.35                   8861.54
      8388608           100         5998471         6280914         6077222.87                   8899.28
     16777216           100        11919019        12241830        12032532.99                   8989.44

#---------------------------------------------------
# Benchmarking shmem_float_put 
# #processes = 2
#---------------------------------------------------
       #bytes  #repetitions     t_min[nsec]     t_max[nsec]       t_avg[nsec]      Bw_aggregated[MB/sec]
            8          1000            6240           35504            6413.86                      8.04
           16          1000            6209           27324            6356.71                     16.23
           32          1000            6245            8424            6407.22                     32.20
           64          1000            6316            8458            6469.77                     63.78
          128          1000            6401            9675            6528.83                    126.40
          256          1000            6448           26196            6675.52                    247.24
          512          1000            6895           22478            7128.30                    463.08
         1024          1000            7600           83909            7963.25                    829.05
         2048          1000            9059           31495            9509.58                   1388.48
         4096          1000           13107           80948           13489.47                   1957.65
         8192          1000           16027           55639           16457.37                   3209.22
        16384          1000           21705           73709           22323.95                   4731.72
        32768           500           33372           44282           34082.73                   6198.48
        65536           500           56271          118987           58787.00                   7187.35
       131072           500          102451          169244          105597.09                   8002.54
       262144           500          195130          254812          199944.71                   8452.79
       524288           500          383651          451492          389327.46                   8682.10
      1048576           250          755351          872692          767893.85                   8803.77
      2097152           250         1508552         1711795         1526877.14                   8855.15
      4194304           250         3017718         3329542         3056937.76                   8845.92
      8388608           100         6008383         6484292         6078475.40                   8897.44
     16777216           100        11923231        12381337        12040669.65                   8983.37

#---------------------------------------------------
# Benchmarking shmem_double_put 
# #processes = 2
#---------------------------------------------------
       #bytes  #repetitions     t_min[nsec]     t_max[nsec]       t_avg[nsec]      Bw_aggregated[MB/sec]
            8          1000            6240           30452            6411.06                      8.05
           16          1000            6162           31664            6364.21                     16.21
           32          1000            6284           92539            6526.38                     31.61
           64          1000            6287           24841            6491.44                     63.56
          128          1000            6370            8346            6533.22                    126.31
          256          1000            6511           27004            6686.88                    246.82
          512          1000            6812           91203            7173.87                    460.14
         1024          1000            7631           83891            7995.90                    825.66
         2048          1000            9137           11261            9493.58                   1390.82
         4096          1000           13159           55446           13494.68                   1956.89
         8192          1000           16042           66213           16540.58                   3193.08
        16384          1000           21768           78800           22390.84                   4717.58
        32768           500           33312          110053           34385.11                   6143.97
        65536           500           56333          111010           57988.69                   7286.29
       131072           500          102695          169493          105211.02                   8031.91
       262144           500          195255          264393          198898.62                   8497.24
       524288           500          382475          448509          389189.53                   8685.18
      1048576           250          755562          877105          768979.98                   8791.33
      2097152           250         1511371         1685500         1528623.67                   8845.03
      4194304           250         3020290         3241181         3057562.11                   8844.12
      8388608           100         6011001         6331598         6074574.91                   8903.15
     16777216           100        11930054        12558079        12044991.69                   8980.14

#---------------------------------------------------
# Benchmarking shmem_longdouble_put 
# #processes = 2
#---------------------------------------------------
       #bytes  #repetitions     t_min[nsec]     t_max[nsec]       t_avg[nsec]      Bw_aggregated[MB/sec]
            8          1000            6162           17797            6353.70                     16.24
           16          1000            6193            9368            6339.57                     16.27
           32          1000            6264            8185            6412.16                     32.17
           64          1000            6331           30429            6489.23                     63.59
          128          1000            6378           10520            6537.06                    126.24
          256          1000            6446           29292            6656.53                    247.95
          512          1000            6888           17873            7069.10                    466.96
         1024          1000            7631           11128            7845.05                    841.54
         2048          1000            9199           82414            9614.73                   1373.29
         4096          1000           13060          110573           13705.73                   1926.76
         8192          1000           15980           66185           16550.38                   3191.18
        16384          1000           21573           35496           22047.46                   4791.06
        32768           500           33034           84156           34314.27                   6156.66
        65536           500           55823          118542           57756.52                   7315.58
       131072           500          101585          213468          105021.55                   8046.40
       262144           500          193879          258338          198442.23                   8516.79
       524288           500          378001          577735          386015.45                   8756.59
      1048576           250          748089          864999          761416.54                   8878.66
      2097152           250         1492097         1660992         1510634.60                   8950.36
      4194304           250         2982277         3417154         3021219.63                   8950.50
      8388608           100         6014124         6370040         6077645.75                   8898.66
     16777216           100        11931991        12350066        12054879.99                   8972.78

#---------------------------------------------------
# Benchmarking shmem_put32 
# #processes = 2
#---------------------------------------------------
       #bytes  #repetitions     t_min[nsec]     t_max[nsec]       t_avg[nsec]      Bw_aggregated[MB/sec]
            8          1000            6256            9498            6375.36                      8.09
           16          1000            6186           29532            6378.63                     16.17
           32          1000            6264           79463            6484.22                     31.82
           64          1000            6331            8588            6465.76                     63.82
          128          1000            6370           30104            6553.65                    125.92
          256          1000            6503           22262            6679.04                    247.11
          512          1000            6880           10231            7052.43                    468.06
         1024          1000            7629           30088            7887.60                    837.00
         2048          1000            9105           11321            9478.33                   1393.05
         4096          1000           13185           64354           13543.10                   1949.90
         8192          1000           16050           96754           16624.14                   3177.03
        16384          1000           21776           79913           22531.32                   4688.17
        32768           500           33372           90737           34288.29                   6161.32
        65536           500           56396          115869           58305.75                   7246.67
       131072           500          102599          162673          105745.65                   7991.30
       262144           500          195021          261559          199510.08                   8471.20
       524288           500          384376          450093          389545.84                   8677.23
      1048576           250          755466          873342          767178.02                   8811.98
      2097152           250         1509171         1670256         1526363.79                   8858.12
      4194304           250         3020776         3263594         3058914.03                   8840.21
      8388608           100         6012384         6319211         6069825.00                   8910.12
     16777216           100        11929905        12433658        12066867.61                   8963.86

#---------------------------------------------------
# Benchmarking shmem_put64 
# #processes = 2
#---------------------------------------------------
       #bytes  #repetitions     t_min[nsec]     t_max[nsec]       t_avg[nsec]      Bw_aggregated[MB/sec]
            8          1000            6253           28211            6419.97                      8.03
           16          1000            6206            8817            6331.37                     16.29
           32          1000            6232           26003            6430.78                     32.08
           64          1000            6277           25208            6499.83                     63.48
          128          1000            6355           79206            6628.45                    124.50
          256          1000            6417           22563            6641.72                    248.50
          512          1000            6864           26008            7108.05                    464.40
         1024          1000            7629           28606            7854.37                    840.54
         2048          1000            9118           33510            9495.81                   1390.49
         4096          1000           13154           56011           13530.16                   1951.76
         8192          1000           16074           63689           16535.81                   3194.00
        16384          1000           21791           69058           22456.55                   4703.78
        32768           500           33387          106834           34451.71                   6132.10
        65536           500           56388          108800           57959.85                   7289.92
       131072           500          102679          164782          105637.91                   7999.45
       262144           500          195161          263512          200125.52                   8445.15
       524288           500          383216          456770          390263.86                   8661.27
      1048576           250          756170          974600          771244.82                   8765.52
      2097152           250         1509811         1737681         1528427.19                   8846.17
      4194304           250         3016774         3664579         3082500.73                   8772.57
      8388608           100         6014093         7065381         6253809.77                   8647.99
     16777216           100        12028232        13117016        12161567.77                   8894.06

#---------------------------------------------------
# Benchmarking shmem_put128 
# #processes = 2
#---------------------------------------------------
       #bytes  #repetitions     t_min[nsec]     t_max[nsec]       t_avg[nsec]      Bw_aggregated[MB/sec]
            8          1000            6170            9555            6340.36                     16.27
           16          1000            6170            8650            6343.39                     16.26
           32          1000            6209           78280            6478.39                     31.85
           64          1000            6331            8440            6470.17                     63.77
          128          1000            6355            8403            6527.70                    126.42
          256          1000            6495            8201            6660.48                    247.80
          512          1000            6833           31354            7031.42                    469.46
         1024          1000            7584           10395            7839.07                    842.18
         2048          1000            9152           12543            9498.88                   1390.04
         4096          1000           13229           59911           13614.88                   1939.62
         8192          1000           16128           81572           16653.70                   3171.39
        16384          1000           21893           74674           22632.42                   4667.23
        32768           500           33473           57339           34368.31                   6146.98
        65536           500           56419          108584           58055.18                   7277.95
       131072           500          102588          162335          105529.06                   8007.70
       262144           500          195647          317377          201643.91                   8381.56
       524288           500          384506          495043          389991.55                   8667.32
      1048576           250          755747          869710          767436.07                   8809.02
      2097152           250         1510144         1695334         1528727.20                   8844.43
      4194304           250         3018691         3324823         3057881.04                   8843.20
      8388608           100         6050257         6383165         6111405.85                   8849.50
     16777216           100        12023620        12500628        12147425.06                   8904.42

#---------------------------------------------------
# Benchmarking shmem_short_iput 
# #processes = 2
#---------------------------------------------------
       #bytes  #repetitions     t_min[nsec]     t_max[nsec]       t_avg[nsec]      Bw_aggregated[MB/sec]
            8          1000           10551           39583           10774.43                      4.79
           16          1000           16292           86975           16601.50                      6.21
           32          1000           27834           51892           28151.39                      7.33
           64          1000           50920           75046           51349.59                      8.04
          128          1000           97149          179056           98015.83                      8.42
          256          1000          189620          213294          190651.59                      8.66
          512          1000          374527          421861          376474.20                      8.77
         1024          1000          744876          936009          748054.14                      8.83
         2048          1000         1485544         1524366         1491429.27                      8.85
         4096          1000         2968520         3241197         2979774.55                      8.86
         8192          1000         5932198         6307851         5956373.67                      8.87
        16384          1000        11876635        12461326        11916664.69                      8.86
        32768           500        23768356        24399380        23850655.81                      8.86
        65536           500        47643387        48262596        47739369.43                      8.85
       131072           500        95386435        96052825        95526345.99                      8.85
       262144           500       190846125       191638140       191097360.38                      8.84
       524288           500       381976429       383069907       382236317.97                      8.84
      1048576           250       764086809       765820782       764494608.44                      8.84
      2097152           250      1528272867      1530147455      1529066616.68                      8.84
      4194304           250      3056897199      3083859350      3057979761.23                      8.84
      8388608           100      6115446745      6142519375      6116680930.57                      8.84
     16777216           100     12233487743     12260164393     12235335381.28                      8.84

#---------------------------------------------------
# Benchmarking shmem_int_iput 
# #processes = 2
#---------------------------------------------------
       #bytes  #repetitions     t_min[nsec]     t_max[nsec]       t_avg[nsec]      Bw_aggregated[MB/sec]
            8          1000            6750           98160            7047.92                      7.32
           16          1000            6997           39407            7198.49                     14.33
           32          1000            7522          117723            7879.11                     26.18
           64          1000            8580           34833            8815.28                     46.81
          128          1000           10782           32314           11016.28                     74.91
          256          1000           15054           40673           15318.94                    107.74
          512          1000           21445           48314           26374.21                    125.16
         1024          1000           47880           84346           76790.95                     85.97
         2048          1000          152629          187280          173632.38                     76.04
         4096          1000          330354          485833          364117.37                     72.53
         8192          1000          679848          928901          750055.45                     70.42
        16384          1000         1369121         1823205         1526933.57                     69.18
        32768           500         2746924         3380852         3076700.36                     68.66
        65536           500         5472025         6547850         6165819.15                     68.53
       131072           500        11861672        12826768        12386431.84                     68.22
       262144           500        23232749        25211743        24798891.27                     68.15
       524288           500        48094775        50293464        49625221.28                     68.11
      1048576           250        96517000       100128049        99247437.56                     68.12
      2097152           250       175783841       200639046       199306657.82                     67.84
      4194304           250       348141068       401640318       398440317.68                     67.87
      8388608           100       776684108       801294519       798051637.74                     67.77
     16777216           100      1455565580      1599834286      1593876504.24                     67.86

#---------------------------------------------------
# Benchmarking shmem_long_iput 
# #processes = 2
#---------------------------------------------------
       #bytes  #repetitions     t_min[nsec]     t_max[nsec]       t_avg[nsec]      Bw_aggregated[MB/sec]
            8          1000            6596           63556            6837.43                      7.54
           16          1000            6833           10775            6964.53                     14.81
           32          1000            7142           36934            7335.27                     28.13
           64          1000            7839           12205            7980.77                     51.70
          128          1000            9285           13138            9496.38                     86.90
          256          1000           12119           38078           12394.49                    133.16
          512          1000           17488           46328           18586.38                    177.60
         1024          1000           29524           55662           32020.50                    206.18
         2048          1000           58798           88912           71273.15                    185.26
         4096          1000          133230          225176          157049.02                    168.15
         8192          1000          293140          388687          315726.34                    167.28
        16384          1000          544566          781867          638420.17                    165.46
        32768           500         1064643         1590985         1330267.56                    158.81
        65536           500         2296457         3068955         2713490.31                    155.71
       131072           500         5034028         5866773         5471827.64                    154.44
       262144           500        10303497        11614990        11006711.99                    153.55
       524288           500        16230880        23061137        21871707.48                    154.55
      1048576           250        43493698        44937802        44193409.90                    152.97
      2097152           250        87961178        90102796        89023376.14                    151.88
      4194304           250       124152709       179779271       175842576.96                    153.78
      8388608           100       354777045       357908785       356428402.60                    151.74
     16777216           100       710365731       716118387       713357855.33                    151.63

#---------------------------------------------------
# Benchmarking shmem_longlong_iput 
# #processes = 2
#---------------------------------------------------
       #bytes  #repetitions     t_min[nsec]     t_max[nsec]       t_avg[nsec]      Bw_aggregated[MB/sec]
            8          1000            6602           81881            6877.79                      7.50
           16          1000            6804           82654            7089.15                     14.55
           32          1000            7127           10450            7283.50                     28.33
           64          1000            7824           34576            8016.93                     51.47
          128          1000            9337           35374            9528.59                     86.61
          256          1000           12111           40496           12392.57                    133.18
          512          1000           17480           94791           18684.92                    176.66
         1024          1000           29864          137546           32374.17                    203.93
         2048          1000           58512           75501           71249.87                    185.32
         4096          1000          142190          366659          156351.65                    168.90
         8192          1000          286049          384987          312265.02                    169.14
        16384          1000          546782          761339          621297.54                    170.02
        32768           500         1109130         1579994         1322692.43                    159.72
        65536           500         2325621         3040271         2691543.46                    156.98
       131072           500         4515512         5877545         5437978.72                    155.40
       262144           500        10511744        11519575        10980311.43                    153.92
       524288           500        21520066        22572074        21977372.03                    153.80
      1048576           250        43160561        44720356        43999462.36                    153.65
      2097152           250        62142112        89744165        88472749.23                    152.82
      4194304           250       126653266       179944066       176722288.51                    153.02
      8388608           100       354614858       358239035       356359580.56                    151.76
     16777216           100       707638906       715678609       712593184.07                    151.79

#---------------------------------------------------
# Benchmarking shmem_float_iput 
# #processes = 2
#---------------------------------------------------
       #bytes  #repetitions     t_min[nsec]     t_max[nsec]       t_avg[nsec]      Bw_aggregated[MB/sec]
            8          1000            6755           78933            6984.75                      7.38
           16          1000            6997           30275            7192.25                     14.34
           32          1000            7553           17582            7696.31                     26.81
           64          1000            8588           26310            8807.90                     46.85
          128          1000           10767           30158           10999.01                     75.03
          256          1000           15039           38463           15345.74                    107.55
          512          1000           21380           37412           26279.35                    125.61
         1024          1000           46539           89858           76781.78                     85.98
         2048          1000          146966          186724          173839.05                     75.95
         4096          1000          334762          381417          362698.94                     72.81
         8192          1000          680061          931085          747784.26                     70.63
        16384          1000         1364223         1742785         1518695.16                     69.55
        32768           500         2736633         3322636         3068646.05                     68.85
        65536           500         5504768         6640756         6171669.46                     68.46
       131072           500        11403113        12805824        12359179.85                     68.37
       262144           500        23397518        25199143        24756295.90                     68.27
       524288           500        36696493        50190308        49113189.36                     68.82
      1048576           250        90181648       100223443        99107111.71                     68.21
      2097152           250       198088565       200753699       199331975.67                     67.83
      4194304           250       397251438       400889912       398957242.91                     67.78
      8388608           100       702257886       801419848       795828211.60                     67.96
     16777216           100      1427844011      1599572358      1593459945.36                     67.88

#---------------------------------------------------
# Benchmarking shmem_double_iput 
# #processes = 2
#---------------------------------------------------
       #bytes  #repetitions     t_min[nsec]     t_max[nsec]       t_avg[nsec]      Bw_aggregated[MB/sec]
            8          1000            6617           37753            6842.70                      7.54
           16          1000            6797           29633            6979.99                     14.78
           32          1000            7142           85103            7437.25                     27.74
           64          1000            7829           32168            8021.50                     51.44
          128          1000            9345           33458            9541.51                     86.49
          256          1000           12142           16568           12375.81                    133.36
          512          1000           17402           49349           18660.38                    176.90
         1024          1000           29966          106361           32193.64                    205.07
         2048          1000           57293           95597           71275.67                    185.25
         4096          1000          135076          221458          156804.57                    168.41
         8192          1000          291481          399472          318614.83                    165.77
        16384          1000          545531          794792          653458.46                    161.65
        32768           500         1076447         1590270         1337208.45                    157.99
        65536           500         2113336         3079639         2706538.11                    156.11
       131072           500         4988352         5850023         5472226.75                    154.42
       262144           500        10489709        11670717        11000699.24                    153.63
       524288           500        21471046        22626101        22059207.16                    153.23
      1048576           250        43488219        44784905        44113844.04                    153.25
      2097152           250        88010764        89956599        88906437.78                    152.08
      4194304           250       176583422       179991364       178421850.08                    151.56
      8388608           100       355310517       358588596       356946276.16                    151.52
     16777216           100       558860286       716090912       708328519.03                    152.71

#---------------------------------------------------
# Benchmarking shmem_longdouble_iput 
# #processes = 2
#---------------------------------------------------
       #bytes  #repetitions     t_min[nsec]     t_max[nsec]       t_avg[nsec]      Bw_aggregated[MB/sec]
            8          1000            6633           88686            6972.31                     14.79
           16          1000            6625           22293            6825.05                     15.11
           32          1000            6950            9761            7087.95                     29.11
           64          1000            7483           82453            7730.02                     53.38
          128          1000            8650           24279            8850.62                     93.24
          256          1000           11014           34846           11252.27                    146.68
          512          1000           15580           41013           16760.25                    196.95
         1024          1000           28406           99466           29623.73                    222.86
         2048          1000           54100          139837           72498.30                    182.13
         4096          1000          138157          227932          160721.66                    164.31
         8192          1000          263621          384678          310813.66                    169.93
        16384          1000          530960          810122          629482.10                    167.81
        32768           500         1071031         1603788         1325695.28                    159.36
        65536           500         2297075         3088903         2707704.35                    156.04
       131072           500         5104687         5891203         5514978.47                    153.23
       262144           500        10536133        11672207        11087893.91                    152.43
       524288           500        21496649        22765925        22237407.22                    152.00
      1048576           250        43702743        45141556        44529208.04                    151.82
      2097152           250        88600668        90924316        89783184.78                    150.59
      4194304           250       176673907       181134110       179761104.75                    150.43
      8388608           100       358164871       361659057       359948376.96                    150.25
     16777216           100       550658633       722709911       715775226.40                    151.12

#---------------------------------------------------
# Benchmarking shmem_iput32 
# #processes = 2
#---------------------------------------------------
       #bytes  #repetitions     t_min[nsec]     t_max[nsec]       t_avg[nsec]      Bw_aggregated[MB/sec]
            8          1000            6726           22202            6899.70                      7.48
           16          1000            6973            9412            7144.18                     14.44
           32          1000            7545           98030            7913.47                     26.07
           64          1000            8609           34238            8813.09                     46.82
          128          1000           10759           36424           11005.98                     74.98
          256          1000           15044           37498           15346.59                    107.55
          512          1000           21422           47524           26379.55                    125.13
         1024          1000           48855          154486           77031.26                     85.70
         2048          1000          149772          235041          173883.28                     75.94
         4096          1000          338222          429706          363154.09                     72.72
         8192          1000          677250          885688          751422.65                     70.29
        16384          1000         1366518         1787295         1524103.90                     69.31
        32768           500         2737868         3447934         3071219.91                     68.79
        65536           500         5469246         6649563         6167089.10                     68.51
       131072           500        11264095        12834935        12370463.02                     68.31
       262144           500        23828069        25230596        24793684.87                     68.17
       524288           500        48429006        50314795        49630726.23                     68.11
      1048576           250        98632117       100488819        99284513.31                     68.09
      2097152           250       198639671       201134378       199551968.62                     67.76
      4194304           250       324940175       401358871       398498878.59                     67.86
      8388608           100       796162302       800845344       798811953.61                     67.70
     16777216           100      1474609168      1599817815      1594434271.22                     67.84

#---------------------------------------------------
# Benchmarking shmem_iput64 
# #processes = 2
#---------------------------------------------------
       #bytes  #repetitions     t_min[nsec]     t_max[nsec]       t_avg[nsec]      Bw_aggregated[MB/sec]
            8          1000            6654           89307            6960.73                      7.41
           16          1000            6789           10520            6930.01                     14.89
           32          1000            7166           10936            7315.61                     28.20
           64          1000            7876           31417            8039.49                     51.32
          128          1000            9329           18037            9535.56                     86.54
          256          1000           12150           35899           12410.82                    132.99
          512          1000           17413           45293           18619.41                    177.29
         1024          1000           29849           54841           32106.19                    205.63
         2048          1000           58273           93774           71256.63                    185.30
         4096          1000          136475          222966          156821.56                    168.39
         8192          1000          287856          392311          320400.49                    164.84
        16384          1000          558534          796422          656053.36                    161.01
        32768           500         1082947         1592269         1340535.87                    157.59
        65536           500         2271974         3074410         2713976.74                    155.68
       131072           500         5099498         5851763         5487038.16                    154.01
       262144           500        10506050        11536322        11006031.35                    153.56
       524288           500        21432779        22519431        22067128.78                    153.18
      1048576           250        43417651        45016582        44207387.29                    152.92
      2097152           250        88060753        90214489        89045619.57                    151.84
      4194304           250       176865316       179599328       178249855.69                    151.71
      8388608           100       354747883       358488361       356754755.04                    151.60
     16777216           100       710568017       716062041       713672029.98                    151.56

#---------------------------------------------------
# Benchmarking shmem_iput128 
# #processes = 2
#---------------------------------------------------
       #bytes  #repetitions     t_min[nsec]     t_max[nsec]       t_avg[nsec]      Bw_aggregated[MB/sec]
            8          1000            6586           24836            6811.91                     15.14
           16          1000            6656          135266            6938.29                     14.87
           32          1000            6947           28156            7107.65                     29.03
           64          1000            7460           11407            7619.84                     54.15
          128          1000            8674           27732            8869.42                     93.04
          256          1000           11061           33811           11269.83                    146.45
          512          1000           15572           36385           16732.76                    197.28
         1024          1000           27036           50129           28993.28                    227.71
         2048          1000           51611           79172           72373.91                    182.44
         4096          1000          126153          224534          159918.78                    165.13
         8192          1000          286512          399930          314495.64                    167.94
        16384          1000          524556          766222          619542.13                    170.50
        32768           500         1063600         1506111         1269015.66                    166.48
        65536           500         2391554         2879540         2571264.15                    164.32
       131072           500         4971046         5535363         5141029.10                    164.37
       262144           500        10108396        10786840        10300506.75                    164.08
       524288           500        20416141        21197049        20684124.85                    163.42
      1048576           250        41066445        42160234        41456315.22                    163.07
      2097152           250        82917213        84766008        83622234.91                    161.69
      4194304           250       146051844       181340654       179463105.43                    150.68
      8388608           100       357972564       361540439       359684318.69                    150.36
     16777216           100       717140726       722350324       719465071.19                    150.34

#---------------------------------------------------
# Benchmarking shmem_short_g 
# #processes = 2
#---------------------------------------------------
       #bytes  #repetitions     t_min[nsec]     t_max[nsec]       t_avg[nsec]      Bw_aggregated[MB/sec]
            8          1000           42025          296603           42790.65                      1.21
           16          1000           83922          183461           84959.61                      1.21
           32          1000          168269          195016          169263.16                      1.22
           64          1000          337913          468855          339402.49                      1.22
          128          1000          676314          866569          679203.92                      1.22
          256          1000         1351799         1628975         1358087.76                      1.22
          512          1000         2704394         2905863         2712667.94                      1.22
         1024          1000         5396002         5894939         5408656.39                      1.22
         2048          1000        10779484        11249311        10803287.10                      1.22
         4096          1000        21524454        22044619        21565048.47                      1.22
         8192          1000        43005139        43614564        43075669.20                      1.23
        16384          1000        85971106        86695444        86094565.75                      1.23
        32768           500       171897210       172980371       172119118.22                      1.23
        65536           500       343778599       345125365       344191320.26                      1.23
       131072           500       687612671       690577730       688333847.69                      1.23
       262144           500      1376046865      1435361571      1410947627.32                      1.20
       524288           500      2838611811      2880426249      2861079096.55                      1.18
      1048576           250      5706371209      5776486599      5751667192.60                      1.18
      2097152           250     11504368771     11539115796     11513323160.78                      1.17
